RMSE = 4691.369 
MSE = 22008940.0 
MAE = 3133.281982421875 
R2 = 0.8616920709609985 
Adjusted R2 = 0.8574200113767823